TimeTracker printout (sec)                        Min           Avg           Max         Median          RMS         nEvts   
================================================================================================================================
Full event                                     0.0499859     0.369802       0.64061      0.425812      0.201643        10     
--------------------------------------------------------------------------------------------------------------------------------
source:RootInput(read)                        0.000271521   0.000353765   0.000733513   0.000307684   0.000130729      10     
reco:init:EventInit                            5.557e-06    1.31275e-05   6.6618e-05    5.9835e-06    1.79922e-05      10     
reco:hit:CompressedHitFinder                  0.000969478   0.00488308    0.00879099    0.00473638    0.00254685       10     
reco:tpcclusterpass1:TPCHitCluster            0.00205151     0.0091922     0.023905     0.00695145    0.00699121       10     
reco:vechit:tpcvechitfinder2                  0.000628876    0.0103787     0.0604658    0.00583215     0.0169682       10     
reco:patrec:tpcpatrec2                        0.000877879    0.0130245     0.0462179     0.0100571     0.0124841       10     
reco:trackpass1:tpctrackfit2                   0.0014727     0.014211      0.0318876     0.0127854    0.00940611       10     
reco:vertexpass1:vertexfinder1                5.3307e-05    0.000851081   0.00755318    6.1932e-05    0.00223729       10     
reco:tpccluster:tpccathodestitch              0.00466538     0.0269436     0.0483241     0.0261174     0.0154261       10     
reco:track:tpctrackfit2                       0.00149183     0.0135842     0.024309      0.0130362    0.00816818       10     
reco:vertex:vertexfinder1                     4.8256e-05    6.19847e-05   8.8727e-05    5.94465e-05   1.16092e-05      10     
reco:veefinder1:veefinder1                    5.0282e-05    9.96417e-05   0.000496481   5.64565e-05   0.000132312      10     
reco:sipmhit:SiPMHitFinder                    0.000522372   0.00153375    0.00357932    0.00134244    0.000799789      10     
reco:sscalohit:CaloStripSplitter              0.00846869     0.0547754     0.0942006     0.0523271     0.0268387       10     
reco:calocluster:CaloClustering               0.000244634   0.00492599     0.0303292    0.00218337    0.00859189       10     
reco:trkecalassn:TPCECALAssociation           8.8134e-05    0.000237503   0.000496013   0.000234452   0.000113328      10     
[art]:TriggerResults:TriggerResultInserter    1.7508e-05    2.36397e-05   6.2074e-05    1.91475e-05   1.29077e-05      10     
end_path:out1:RootOutput                       3.213e-06    3.6783e-06     7.027e-06    3.3345e-06    1.11802e-06      10     
end_path:out1:RootOutput(write)                0.0262211     0.214077      0.512765       0.23569      0.139633        10     
